0.000000000000000000e+00 -2.757661831331914952e-06 -5.171730870659197814e-06 -6.939005379792806852e-06 -7.869411067709665387e-06 -7.872132339743876276e-06 -6.946744744210143384e-06 -5.183268885329384528e-06 -2.771140349606904367e-06 0.000000000000000000e+00
0.000000000000000000e+00 -5.876348377238383457e-06 -1.099491452592627080e-05 -1.471949169356057286e-05 -1.667068459903325964e-05 -1.667580911225602469e-05 -1.473406105309688210e-05 -1.101661818683874580e-05 -5.901665097031938741e-06 0.000000000000000000e+00
0.000000000000000000e+00 -7.025671106873132924e-06 -1.304658062722513615e-05 -1.734037395773297096e-05 -1.955393162745528248e-05 -1.955846314704384693e-05 -1.735324368025065503e-05 -1.306570556674668853e-05 -7.047875427452333181e-06 0.000000000000000000e+00
0.000000000000000000e+00 -9.204204005285211162e-06 -1.682834846964387278e-05 -2.204417892480120845e-05 -2.464838798828550710e-05 -2.465241111180932625e-05 -2.205558440338978727e-05 -1.684522786964060199e-05 -9.223645633868240030e-06 0.000000000000000000e+00
0.000000000000000000e+00 -1.298399302481739845e-05 -2.302115596316911897e-05 -2.936207561349907520e-05 -3.234505029503221386e-05 -3.234864767882906242e-05 -2.937224973735397515e-05 -2.303612956331990927e-05 -1.300105224807690754e-05 0.000000000000000000e+00
0.000000000000000000e+00 -1.972896482195757550e-05 -3.291273638824427272e-05 -4.004022631460308100e-05 -4.302299046796581898e-05 -4.302624426203849729e-05 -4.004940321891304076e-05 -3.292615494680206883e-05 -1.974405519889311058e-05 0.000000000000000000e+00
0.000000000000000000e+00 -3.303511326355563013e-05 -4.886299066841876633e-05 -5.486530088566410541e-05 -5.668226166840718112e-05 -5.668525348044629219e-05 -5.487371534210572861e-05 -4.887521332324052368e-05 -3.304867468777373434e-05 0.000000000000000000e+00
0.000000000000000000e+00 -6.356263827913738776e-05 -7.464112018367269851e-05 -7.387785749494553075e-05 -7.215727816154249936e-05 -7.216008796680545745e-05 -7.388574118984592327e-05 -7.465250678364310243e-05 -6.357512329862514858e-05 0.000000000000000000e+00
0.000000000000000000e+00 5.591282648597966016e-05 9.023673404702439867e-05 1.086501615481105668e-04 1.165893308489376608e-04 1.165866264297031249e-04 1.086425855815794500e-04 9.022583352853906177e-05 5.590097012677973452e-05 0.000000000000000000e+00
1.000000000000000000e+00 1.000098482542743028e+00 1.000135511395485066e+00 1.000150825160139423e+00 1.000156638017407174e+00 1.000156636682236533e+00 1.000150821421943004e+00 1.000135506023976717e+00 1.000098476716642315e+00 1.000000000000000000e+00
