0.000000000000000000e+00 0.000000000000000000e+00 0.000000000000000000e+00 0.000000000000000000e+00 0.000000000000000000e+00 0.000000000000000000e+00 0.000000000000000000e+00 0.000000000000000000e+00 0.000000000000000000e+00 0.000000000000000000e+00
2.788619961237526418e-06 5.216215207900499284e-06 4.203737708718069718e-06 2.710803990135235397e-06 9.374605925463464237e-07 -9.259463038358563864e-07 -2.698062301280724073e-06 -4.188714282137296576e-06 -5.198179096135403332e-06 -2.778781746976766670e-06
5.922719879928596148e-06 1.105714174479699723e-05 8.868630413045810283e-06 5.689015766157380301e-06 1.958229871151851184e-06 -1.944264295675790768e-06 -5.673984960172518465e-06 -8.851602986377660350e-06 -1.103743588270789245e-05 -5.912130907655078442e-06
9.842929787673482649e-06 1.829562469199508636e-05 1.452383528291545590e-05 9.217877120316909212e-06 3.150401687423976226e-06 -3.135508471344084062e-06 -9.202076494751965381e-06 -1.450632149457986750e-05 -1.827578110755945570e-05 -9.832362690686547365e-06
1.515144003702395724e-05 2.791332593786760951e-05 2.171251883388980989e-05 1.350777281426524195e-05 4.560689251713601846e-06 -4.546299463284775286e-06 -1.349263334086081716e-05 -2.169595536867641359e-05 -2.789480406358480188e-05 -1.514163320198991349e-05
2.284788114960268124e-05 4.134034463824549379e-05 3.090459952000795921e-05 1.853961441345336591e-05 6.130607101967390018e-06 -6.117940939177280469e-06 -1.852635712636974163e-05 -3.089021396359537376e-05 -4.132439360298534808e-05 -2.283946710670326131e-05
3.489847299222759603e-05 6.084621520381700612e-05 4.202555760028198569e-05 2.361521385560106097e-05 7.539875395584650317e-06 -7.529856982119831994e-06 -2.360476213652784765e-05 -4.201427579893335482e-05 -6.083377402486246589e-05 -3.489192645166095416e-05
5.589891149807791541e-05 9.022102876121224557e-05 5.273603183391156941e-05 2.635568945405714338e-05 7.943454811656814682e-06 -7.936663790133192446e-06 -2.634861896982454858e-05 -5.272842461556182837e-05 -9.021266846088672384e-05 -5.589451909663934782e-05
9.847564788869334605e-05 1.355035547774473227e-04 5.234187070056212521e-05 2.112808635416974417e-05 5.814949050106321966e-06 -5.811608941114932744e-06 -2.112461259348963712e-05 -5.233813986414482839e-05 -1.354994622812329044e-04 -9.847349956171803280e-05
0.000000000000000000e+00 0.000000000000000000e+00 0.000000000000000000e+00 0.000000000000000000e+00 0.000000000000000000e+00 0.000000000000000000e+00 0.000000000000000000e+00 0.000000000000000000e+00 0.000000000000000000e+00 0.000000000000000000e+00
